board;channel;timetag;energy;energyshort;flags;x;y;z;interaction type
0;6;59369;0.229683;0;1;-90.2659;16.5595;950.763;compt
0;6;59369;0.229683;0;1;-103.621;47.8368;967.385;phot
0;2;59369;0.413424;0;3;272.307;-204.642;209.191;compt
0;2;59369;0.413424;0;3;263.253;-209.412;220.003;compt
0;2;59369;0.413424;0;3;259.955;-204.539;225.363;compt
0;4;244637;0.223325;0;0;34.5318;200.362;953.11;phot
0;0;244637;0.45147;0;2;-299.206;200.686;174.138;compt
0;0;244637;0.45147;0;2;-370.15;192.181;190.324;compt
0;0;244637;0.45147;0;2;-299.166;200.067;173.889;phot
0;4;263207;0.130092;0;0;-60.8929;172.324;953.254;phot
0;0;263207;0.531482;0;2;-257.374;186.079;235.795;compt
0;0;263207;0.531482;0;2;-255.608;185.807;234.892;compt
0;7;443241;0.285648;0;1;188.074;26.8515;964.122;compt
0;7;443241;0.285648;0;1;189.5;23.7883;966.661;phot
0;3;443241;0.3545;0;1;-304.766;-108.729;270.962;compt
0;6;519652;0.323531;0;1;-116.526;-3.48711;952.207;compt
0;6;519652;0.323531;0;1;-116.334;-3.54211;952.578;phot
0;2;519652;0.34114;0;1;282.695;-119.11;221.689;compt
0;6;596889;0.348911;0;1;-170.791;53.7361;982.257;compt
0;6;596889;0.348911;0;1;-171.371;55.7335;981.182;phot
0;2;596889;0.329075;0;2;275.074;-113.575;195.734;compt
0;2;596889;0.329075;0;2;286.847;-103.992;224.615;compt
0;4;612231;0.344168;0;1;64.0544;154.264;988.516;compt
0;4;612231;0.344168;0;1;65.1382;154.604;989.485;phot
0;0;612231;0.304283;0;1;-242.573;100.031;202.356;compt
0;5;720304;0.374637;0;1;7.7026;-220.277;1008.4;compt
0;5;720304;0.374637;0;1;6.72283;-209.449;1009.72;phot
0;1;720304;0.310847;0;2;280.583;132.968;244.427;compt
0;1;720304;0.310847;0;2;283.009;128.599;251.665;compt
0;7;721599;0.315762;0;1;125.827;-46.8805;964.266;compt
0;7;721599;0.315762;0;1;121.783;-44.3085;970.036;phot
0;3;721599;0.346384;0;2;-300.406;-141.783;218.783;compt
0;3;721599;0.346384;0;2;-294.085;-171.317;254.587;compt
0;7;854287;0.289756;0;1;221.759;-6.43352;957.445;compt
0;7;854287;0.289756;0;1;220.81;-5.78169;956.866;phot
0;3;854287;0.387408;0;3;-275.162;-174.711;163.822;compt
0;3;854287;0.387408;0;3;-281.149;-176.55;170.53;compt
0;3;854287;0.387408;0;3;-270.312;-199.388;201.608;compt
0;5;1256849;0.316789;0;0;4.94715;-179.632;960.702;phot
0;1;1256849;0.357992;0;2;255.191;103.624;193.216;compt
0;1;1256849;0.357992;0;2;254.672;103.332;194.504;compt
0;6;1333557;0.142881;0;0;-130.938;-19.3905;949.847;phot
0;2;1333557;0.475078;0;1;238.156;-141.037;201.723;compt
0;4;1350515;0.337465;0;1;-25.5452;112.147;962.779;compt
0;4;1350515;0.337465;0;1;-19.4894;113.322;955.49;phot
0;0;1350515;0.320427;0;1;-278.823;93.9496;205.249;compt
0;5;1464060;0.321092;0;1;28.5043;-90.8177;950.789;compt
0;5;1464060;0.321092;0;1;28.4975;-90.9553;950.661;phot
0;1;1464060;0.341509;0;1;265.733;87.4586;178.456;compt
0;4;1522991;0.335257;0;0;-54.0916;169.639;956.591;phot
0;0;1522991;0.292767;0;1;-273.62;196.172;209.48;compt
0;6;1545393;0.340218;0;1;-84.1859;-21.7386;995.542;compt
0;6;1545393;0.340218;0;1;-98.0925;-23.8959;997.598;phot
0;2;1545393;0.315753;0;2;272.261;-131.011;220.885;compt
0;2;1545393;0.315753;0;2;276.286;-116.743;251.166;compt
0;7;1578151;0.291375;0;2;175.449;57.5351;967.225;compt
0;7;1578151;0.291375;0;2;158.89;52.5689;998.307;compt
0;7;1578151;0.291375;0;2;160.142;55.0555;999.677;phot
0;3;1578151;0.356237;0;1;-257.154;-124.885;202.445;compt
0;7;1769486;0.262846;0;1;128.854;-39.4167;959.029;compt
0;7;1769486;0.262846;0;1;127.063;-39.0678;958.699;phot
0;7;1769486;0.262846;0;1;127.018;-39.0933;958.711;phot
0;3;1769486;0.376808;0;2;-260.686;-144.979;221.438;compt
0;3;1769486;0.376808;0;2;-290.339;-126.165;251.438;compt
0;4;1948629;0.323679;0;0;33.5555;211.342;954.496;phot
0;0;1948629;0.334028;0;1;-255.574;203.013;205.136;compt
0;6;2040569;0.256696;0;1;-187.677;-45.9198;964.418;compt
0;6;2040569;0.256696;0;1;-186.126;-46.2121;963.843;phot
0;2;2040569;0.37591;0;1;341.602;-208.199;233.98;compt
0;7;2296626;0.317889;0;0;137.413;-28.194;998.751;phot
0;3;2296626;0.33528;0;1;-225.804;-117.266;209.519;compt
0;5;2327646;0.15187;0;0;65.1454;-117.55;988.228;phot
0;1;2327646;0.526678;0;2;303.851;89.2957;230.35;compt
0;1;2327646;0.526678;0;2;302.502;86.5752;229.02;compt
0;4;2413213;0.389737;0;0;-30.0918;197.728;978.383;phot
0;0;2413213;0.287555;0;1;-245.809;174;224.944;compt
0;7;2423669;0.376453;0;3;193.122;21.6397;973.588;compt
0;7;2423669;0.376453;0;3;192.824;20.4939;973.099;compt
0;7;2423669;0.376453;0;3;184.935;5.68992;975.328;compt
0;7;2423669;0.376453;0;3;184.973;3.69202;970.684;phot
0;3;2423669;0.299483;0;2;-241.289;-162.779;218.691;compt
0;3;2423669;0.299483;0;2;-257.229;-170.874;252.183;compt
0;7;2510820;0.32765;0;1;105.432;50.1338;961.274;compt
0;7;2510820;0.32765;0;1;105.413;48.2662;962.813;phot
0;3;2510820;0.335043;0;1;-266.882;-96.5907;230.602;compt
0;4;2578641;0.275729;0;1;51.1395;184.792;960.453;compt
0;4;2578641;0.275729;0;1;52.9445;187.363;983.446;phot
0;0;2578641;0.390873;0;2;-241.796;160.996;206.298;compt
0;0;2578641;0.390873;0;2;-228.006;157.063;227.767;compt
0;7;2943483;0.307134;0;0;137.081;-19.3832;960.725;phot
0;3;2943483;0.383242;0;1;-283.418;-208.184;237.251;compt
0;5;3026465;0.329648;0;1;55.0817;-151.611;953.147;compt
0;5;3026465;0.329648;0;1;55.7904;-152.777;952.615;phot
0;1;3026465;0.339641;0;1;261.79;158.297;224.02;compt
0;5;3029565;0.314049;0;2;-17.4747;-211.231;980.58;compt
0;5;3029565;0.314049;0;2;-20.3378;-210.902;987.155;compt
0;5;3029565;0.314049;0;2;-23.4397;-215.238;990.604;phot
0;5;3029565;0.314049;0;2;-23.8375;-215.858;990.82;phot
0;1;3029565;0.358409;0;1;278.666;113.214;199.753;compt
0;6;3158023;0.305626;0;1;-166.995;39.3606;983.879;compt
0;6;3158023;0.305626;0;1;-175.268;49.5405;983.968;phot
0;2;3158023;0.2429;0;1;230.624;-114.073;212.664;compt
0;5;3408414;0.335334;0;0;-39.7092;-205.684;953.533;phot
0;1;3408414;0.341213;0;1;220.03;129.987;214.426;compt
0;5;3449723;0.17441;0;1;39.6039;-147.77;953.297;compt
0;5;3449723;0.17441;0;1;39.8993;-148.374;952.846;phot
0;1;3449723;0.491194;0;2;230.71;132.822;207.351;compt
0;1;3449723;0.491194;0;2;228.858;128.074;208.581;compt
0;7;3491249;0.386413;0;0;173.597;-5.67559;962.389;phot
0;3;3491249;0.263289;0;2;-255.068;-141.572;228.692;compt
0;3;3491249;0.263289;0;2;-254.886;-142.575;231.397;compt
0;4;3496926;0.384914;0;0;-60.7004;191.938;1031.5;phot
0;0;3496926;0.270285;0;1;-254.635;170.587;245.084;compt
0;5;3566641;0.312259;0;2;37.2755;-151.525;957.449;compt
0;5;3566641;0.312259;0;2;29.1284;-150.179;963.447;compt
0;5;3566641;0.312259;0;2;-2.55393;-153.575;986.262;phot
0;1;3566641;0.208737;0;1;327.304;128.129;238.792;compt
0;5;3572458;0.344523;0;0;-24.5181;-183.726;961.439;phot
0;1;3572458;0.348204;0;1;260.062;89.8989;205.999;compt
0;6;3637241;0.296486;0;2;-114.179;44.3901;960.333;compt
0;6;3637241;0.296486;0;2;-113.943;44.205;960.559;compt
0;6;3637241;0.296486;0;2;-112.533;42.4118;958.723;phot
0;2;3637241;0.359008;0;3;226.932;-131.786;209.668;compt
0;2;3637241;0.359008;0;3;227.767;-130.847;213.855;compt
0;2;3637241;0.359008;0;3;228.865;-127.298;216.697;compt
0;4;3659718;0.352127;0;2;-26.2605;111.648;949.776;compt
0;4;3659718;0.352127;0;2;-21.0269;115.233;960.378;compt
0;4;3659718;0.352127;0;2;-31.0871;116.547;955.042;phot
0;0;3659718;0.306456;0;1;-263.434;114.925;223.042;compt
0;4;3787739;0.352696;0;0;58.3112;147.626;950.669;phot
0;0;3787739;0.302558;0;1;-237.811;139.704;226.464;compt
0;5;3811120;0.351203;0;0;19.0279;-203.78;956.541;phot
0;1;3811120;0.301449;0;3;240.439;112.223;213.676;compt
0;1;3811120;0.301449;0;3;254.842;131.41;232.222;compt
0;1;3811120;0.301449;0;3;254.873;142.787;253.624;compt
0;6;4026857;0.244197;0;1;-190.088;8.2558;971.438;compt
0;6;4026857;0.244197;0;1;-191.658;4.35819;972.765;phot
0;2;4026857;0.408957;0;2;287.448;-134.523;275.626;compt
0;2;4026857;0.408957;0;2;282.946;-135.806;278.941;compt
0;5;4302475;0.278205;0;0;-1.75227;-210.818;970.591;phot
0;1;4302475;0.0610786;0;1;263.577;86.0641;184.762;compt
0;4;4352964;0.348084;0;1;39.8287;194.884;958.968;compt
0;4;4352964;0.348084;0;1;41.0439;192.342;956.982;phot
0;0;4352964;0.315993;0;1;-241.334;93.5662;198.572;compt
0;6;4389303;0.314109;0;1;-79.0625;-5.81986;985.442;compt
0;6;4389303;0.314109;0;1;-79.2595;-6.02379;985.457;phot
0;2;4389303;0.365061;0;1;343.461;-80.2465;229.849;compt
0;5;4411564;0.163838;0;0;-17.7906;-134.109;949.479;phot
0;1;4411564;0.498652;0;2;222.542;130.558;213.77;compt
0;1;4411564;0.498652;0;2;221.738;131.989;214.073;compt
0;7;4496178;0.272463;0;1;112.396;53.3917;957.656;compt
0;7;4496178;0.272463;0;1;112.46;53.6998;957.832;phot
0;3;4496178;0.355069;0;1;-322.805;-83.0936;252.274;compt
0;4;4530088;0.347328;0;1;-56.2772;104.32;1038.17;compt
0;4;4530088;0.347328;0;1;-54.2898;108.675;1032.74;phot
0;0;4530088;0.306947;0;1;-263.71;83.2828;187.276;compt
0;7;4573819;0.348464;0;1;100.678;-45.7005;959.964;compt
0;7;4573819;0.348464;0;1;99.9326;-45.2783;959.461;phot
0;3;4573819;0.314161;0;2;-258.352;-117.885;244.879;compt
0;3;4573819;0.314161;0;2;-273.916;-120.057;262.648;compt
0;3;4573819;0.314161;0;2;-273.957;-120.057;262.666;phot
0;6;4632276;0.310769;0;0;-93.5374;28.8804;958.375;phot
0;2;4632276;0.334482;0;1;242.812;-132.018;226.93;compt
0;7;4654450;0.203585;0;0;126.614;-3.17833;959.84;phot
0;3;4654450;0.454331;0;2;-275.153;-107.722;240.829;compt
0;3;4654450;0.454331;0;2;-279.782;-110.798;241.272;compt
0;5;4661947;0.318409;0;0;36.3368;-201.358;963.318;phot
0;1;4661947;0.334527;0;1;297.859;87.8911;222.507;compt
0;7;4804550;0.268208;0;0;160.605;-37.5481;990.977;phot
0;3;4804550;0.39224;0;2;-261.794;-151.108;260.683;compt
0;3;4804550;0.39224;0;2;-293.402;-177.385;279.264;compt
0;4;4914089;0.392941;0;2;-54.6405;158.583;956.931;compt
0;4;4914089;0.392941;0;2;-56.0514;161.111;979.283;compt
0;4;4914089;0.392941;0;2;-42.828;155.509;967.9;phot
0;0;4914089;0.156293;0;1;-242.626;138.759;217.576;compt
0;5;4963690;0.322584;0;0;-50.322;-180.046;950.977;phot
0;1;4963690;0.347255;0;1;259.388;82.8083;189.332;compt
0;7;4987855;0.348564;0;1;96.8461;-29.1382;1040.13;compt
0;7;4987855;0.348564;0;1;102.946;-25.9596;1042.6;phot
0;3;4987855;0.313988;0;2;-282.746;-95.3327;229.831;compt
0;3;4987855;0.313988;0;2;-280.178;-101.979;241.903;compt
0;6;4992813;0.375448;0;0;-106.092;1.48149;961.442;phot
0;2;4992813;0.257365;0;2;242.333;-148.896;222.315;compt
0;2;4992813;0.257365;0;2;245.635;-148.819;233.243;compt
0;2;4992813;0.257365;0;2;246.056;-149.026;233.171;phot
