-------------------  ------------------  ----------------  ----------------------------------------------  ----------------------------------------------
Scattering Detector  Absorbing Detector  Number of Events  Highest Scattering Point                        Highest Absorption Point
0                    0                   0                 No events                                       No events
0                    1                   190               [-25.9568  23.0406 417.407 ]                    [-28.1079 -22.5204 399.231 ]
0                    2                   48                [-26.0789  21.1805 429.991 ]                    [ 25.4203 -21.5928 412.385 ]
0                    3                   189               [-21.9713  32.9982 431.877 ]                    [ 21.2293  30.659  398.427 ]
0                    4                   8                 [-19.9825  28.0245 425.446 ]                    [-68.3704 -23.981  780.932 ]
0                    5                   45                [-33.3964  25.5018 430.691 ]                    [  9.89752  59.8719  724.006  ]
0                    6                   17                [-18.5495  30.0266 414.312 ]                    [ 46.9104  27.3278 730.651 ]
0                    7                   164               [-19.2329  29.8622 433.994 ]                    [ 14.1428 -44.2178 732.83  ]
1                    0                   160               [-31.4389 -25.6277 419.197 ]                    [-34.3551  22.4148 397.622 ]
1                    1                   0                 No events                                       No events
1                    2                   194               [-23.9949 -32.2869 415.895 ]                    [ 20.3964 -31.0488 400.897 ]
1                    3                   55                [-22.0198 -28.0204 410.53  ]                    [ 24.3976  23.3524 399.863 ]
1                    4                   14                [-25.8965 -23.5901 392.444 ]                    [-52.861 -24.853 725.653]
1                    5                   153               [-33.6967 -38.6014 418.855 ]                    [  6.58435  69.2957  741.382  ]
1                    6                   90                [-40.5925 -30.7737 423.378 ]                    [ 61.5295 -33.9353 731.432 ]
1                    7                   39                [-26.4668 -31.9483 434.111 ]                    [ 15.4596 -54.215  726.333 ]
2                    0                   52                [ 22.207  -31.2555 416.913 ]                    [-25.63    22.8068 397.502 ]
2                    1                   188               [ 21.0713 -34.4743 431.237 ]                    [-21.8685 -26.1186 404.663 ]
2                    2                   0                 No events                                       No events
2                    3                   205               [ 24.6588 -24.3581 407.891 ]                    [ 36.6816  23.9236 397.882 ]
2                    4                   69                [ 33.9807 -30.0644 433.793 ]                    [-64.3    -25.4893 759.76  ]
2                    5                   25                [ 21.4294 -32.0125 419.946 ]                    [ 11.5192  84.4387 722.207 ]
2                    6                   24                [ 31.6201 -41.9092 432.325 ]                    [ 63.3222  29.1056 746.492 ]
2                    7                   32                [ 34.1964 -33.1132 431.647 ]                    [ -8.12086 -63.9513  727.596  ]
3                    0                   210               [ 24.2462  34.737  428.141 ]                    [-23.1221  28.4523 399.041 ]
3                    1                   55                [ 25.7159  22.2161 409.483 ]                    [-24.2938 -24.5968 397.466 ]
3                    2                   213               [ 34.4118  21.5494 431.44  ]                    [ 26.2507 -23.7983 397.55  ]
3                    3                   0                 No events                                       No events
3                    4                   67                [ 25.0095  36.7576 403.762 ]                    [-66.1438  24.5538 738.564 ]
3                    5                   26                [ 23.3508  30.1343 434.121 ]                    [-21.7826  70.3141 743.464 ]
3                    6                   13                [ 40.4074  32.9923 435.206 ]                    [ 71.1467    7.35027 760.099  ]
3                    7                   170               [ 22.8792  30.4289 414.771 ]                    [-13.2255 -59.0379 738.321 ]
4                    0                   0                 No events                                       No events
4                    1                   2                 [-49.09255 -31.63035 721.649  ]                 [-24.80335 -28.0398  424.8805 ]
4                    2                   1                 17844    [-75.673, 22.6252, 799.62]             17844    [32.0152, -21.5137, 419.287]
                                                           Name: scatter locations, dtype: object          Name: absorption locations, dtype: object
4                    3                   0                 No events                                       No events
4                    4                   0                 No events                                       No events
4                    5                   1872              [-39.6796  25.3383 742.216 ]                    [-24.4107  38.85   736.164 ]
4                    6                   180               [-36.8597 -26.5218 748.024 ]                    [ 37.3158  28.2159 734.863 ]
4                    7                   1964              [-42.1076 -26.3176 746.007 ]                    [-22.7006 -37.257  739.366 ]
5                    0                   1                 19690    [17.1101, 32.5718, 722.1669999999999]  19690    [-27.2627, 19.8589, 428.418]
                                                           Name: scatter locations, dtype: object          Name: absorption locations, dtype: object
5                    1                   2                 [ 14.5278  65.5211 723.3735]                    [-22.126   -27.86755 417.9805 ]
5                    2                   7                 [-7.25825e-01  4.32771e+01  7.27807e+02]        [ 24.71   -31.0639 421.753 ]
5                    3                   7                 [ -9.41824  64.5586  725.338  ]                 [ 26.0203  34.2153 436.174 ]
5                    4                   1907              [-22.9187  38.1815 741.954 ]                    [-39.4556  25.6631 738.019 ]
5                    5                   0                 No events                                       No events
5                    6                   1994              [ 21.6272  35.866  744.276 ]                    [ 40.3666  25.6207 742.419 ]
5                    7                   1704              [  3.87712  28.003   758.271  ]                 [ -3.82601 -27.9096  739.402  ]
6                    0                   0                 No events                                       No events
6                    1                   2                 [ 65.67005  28.17115 731.107  ]                 [-26.207  -33.4591 437.1465]
6                    2                   2                 [ 78.0498   -4.37265 723.7125 ]                 [ 32.8983 -30.6684 413.04  ]
6                    3                   1                 6737    [71.2475, 19.8725, 721.8610000000001]   6737    [36.1899, 29.898000000000003, 437.782]
                                                           Name: scatter locations, dtype: object          Name: absorption locations, dtype: object
6                    4                   162               [ 41.2426 -23.7598 781.76  ]                    [-43.5149 -24.9293 736.996 ]
6                    5                   1741              [ 41.6295  25.7092 755.277 ]                    [ 22.9753  38.7546 734.256 ]
6                    6                   0                 No events                                       No events
6                    7                   2027              [ 40.1037 -25.901  748.201 ]                    [ 21.1929 -36.6892 738.826 ]
7                    0                   2                 [  9.405415 -67.33945  734.2245  ]              [-33.3107   29.54095 428.7345 ]
7                    1                   1                 19819    [1.74193, -32.7589, 739.615]           19819    [-41.3527, -34.6008, 435.639]
                                                           Name: scatter locations, dtype: object          Name: absorption locations, dtype: object
7                    2                   2                 [  6.1947 -55.0837 722.4805]                    [ 30.94065 -36.88505 412.37   ]
7                    3                   0                 No events                                       No events
7                    4                   1916              [-21.9472 -38.0343 739.457 ]                    [-38.4306 -25.0672 741.553 ]
7                    5                   1628              [ -7.93185 -29.8076  749.104  ]                 [  1.01151  26.7886  736.76   ]
7                    6                   1873              [ 24.2837 -40.0036 746.675 ]                    [ 41.203 -26.331 740.499]
7                    7                   0                 No events                                       No events
-------------------  ------------------  ----------------  ----------------------------------------------  ----------------------------------------------