---------------------  ---------------------  ----------------  ---------------------------------------------  -----------------------------------------
Scattering Detector 1  Scattering Detector 2  Number of Events  Highest Scattering Point in 1                  Highest Scattering Point in 2
0                      0                      0                 No events                                      No events
0                      1                      71                [-26.7856  22.0392 412.846 ]                   [-36.4051 -21.0103 409.875 ]
0                      2                      25                [-24.3404  38.2603 411.757 ]                   [ 20.2076 -24.0401 430.431 ]
0                      3                      106               [-23.6059  29.4169 422.241 ]                   [ 23.256   36.7108 401.908 ]
0                      4                      16                [-33.8848  24.5687 420.085 ]                   [-64.4966 -22.929  728.611 ]
0                      5                      72                [-33.9946  34.7964 430.99  ]                   [ 25.2016  56.2603 736.095 ]
0                      6                      18                [-27.1318  29.113  400.088 ]                   [ 71.878   23.8315 740.588 ]
0                      7                      198               [-27.3292  32.6958 398.161 ]                   [-22.1635 -63.822  732.808 ]
1                      0                      91                [-33.4197 -24.0168 407.593 ]                   [-27.7075  24.4297 404.435 ]
1                      1                      0                 No events                                      No events
1                      2                      98                [-21.1799 -34.2155 405.585 ]                   [ 20.9393 -27.9912 409.932 ]
1                      3                      37                [-34.1508 -21.762  431.343 ]                   [ 24.6055  23.1088 395.938 ]
1                      4                      24                [-30.1617 -27.8689 392.47  ]                   [-65.9621 -28.054  722.283 ]
1                      5                      207               [-30.6919 -38.874  404.976 ]                   [-20.9049  77.2823 738.663 ]
1                      6                      102               [-29.748  -29.7351 421.484 ]                   [ 76.2599  26.5537 731.326 ]
1                      7                      21                [-29.0906 -41.5588 433.704 ]                   [-17.3564 -72.8006 721.706 ]
2                      0                      33                [ 26.0556 -25.2452 398.095 ]                   [-33.0695  22.9091 394.361 ]
2                      1                      111               [ 20.9951 -31.3478 425.221 ]                   [-24.2409 -23.2307 418.109 ]
2                      2                      0                 No events                                      No events
2                      3                      95                [ 34.0035 -22.105  422.775 ]                   [ 31.1315  29.4523 397.837 ]
2                      4                      95                [ 22.6362 -33.7548 400.062 ]                   [-49.7096  25.477  730.621 ]
2                      5                      35                [ 33.6639 -20.9002 430.92  ]                   [ 29.7098  78.928  751.88  ]
2                      6                      32                [ 24.0676 -31.8588 435.966 ]                   [ 51.9365  29.6946 736.406 ]
2                      7                      21                [ 23.1512 -35.8737 393.646 ]                   [ 12.2116 -78.7885 728.233 ]
3                      0                      96                [ 21.1157  30.5853 406.964 ]                   [-23.2861  34.6862 401.615 ]
3                      1                      28                [ 36.708  26.709 411.438]                      [-26.1187 -37.0344 410.822 ]
3                      2                      91                [ 24.9031  27.6328 428.332 ]                   [ 22.0998 -28.8658 394.707 ]
3                      3                      0                 No events                                      No events
3                      4                      93                [ 37.8912  28.2308 422.091 ]                   [-44.2006 -27.5744 744.515 ]
3                      5                      27                [ 27.0477  29.4868 428.214 ]                   [  8.79024  63.2959  727.715  ]
3                      6                      25                [ 40.9575  32.6136 395.259 ]                   [ 56.8664    4.73761 729.507  ]
3                      7                      173               [ 23.6287  27.2906 423.328 ]                   [ 13.1962 -35.5812 724.683 ]
4                      0                      2                 [-63.0373   1.3134 790.8745]                   [-27.5576   29.45525 406.854  ]
4                      1                      6                 [-77.456   23.6977 733.697 ]                   [-27.1606 -28.2775 408.672 ]
4                      2                      3                 [ -58.40085    2.29146 1229.844  ]             [ 36.4227  -45.54575 615.999  ]
4                      3                      0                 No events                                      No events
4                      4                      0                 No events                                      No events
4                      5                      1444              [-42.2283  26.8874 751.54  ]                   [-24.9195  38.9931 734.12  ]
4                      6                      204               [-39.7674  20.1455 747.045 ]                   [ 37.6778 -26.3225 744.177 ]
4                      7                      1579              [-40.2769 -27.2778 746.48  ]                   [-25.9595 -38.636  736.038 ]
5                      0                      4                 [-27.2865  33.7905 727.307 ]                   [-31.8051  30.6557 391.388 ]
5                      1                      3                 [  -2.10582   86.2728  1095.492  ]             [-57.9757 -40.0203 598.2425]
5                      2                      2                 [ -5.62195  32.16905 811.112  ]                [ 31.05005 -30.84705 426.701  ]
5                      3                      5                 [-26.4141  69.642  723.861 ]                   [ 23.3717  30.7134 430.647 ]
5                      4                      1574              [-22.3756  38.4269 739.294 ]                   [-43.983   27.4246 739.661 ]
5                      5                      0                 No events                                      No events
5                      6                      1802              [ 24.7237  37.478  745.456 ]                   [ 37.377   24.7058 738.494 ]
5                      7                      1295              [ -1.21551  28.469   753.974  ]                [ -3.47103 -26.6454  742.466  ]
6                      0                      3                 [  84.0889    9.0975 1186.926 ]                [-37.7356   49.08955 626.2515 ]
6                      1                      0                 No events                                      No events
6                      2                      2                 [ 38.6994  -5.1904 803.8815]                   [ 25.46125 -31.7685  415.427  ]
6                      3                      1                 3987    [46.2489, 32.2734, 726.2689999999999]  3987    [39.4649, 32.0692, 433.07]
                                                                Name: scatter locations, dtype: object         Name: absorption locations, dtype: object
6                      4                      199               [ 45.7811 -26.6809 744.513 ]                   [-43.7467  27.664  743.104 ]
6                      5                      1480              [ 39.8226  24.8179 749.929 ]                   [ 25.78   39.892 731.654]
6                      6                      0                 No events                                      No events
6                      7                      1427              [ 41.0429 -25.2952 750.353 ]                   [ 23.3952 -39.3673 738.678 ]
7                      0                      2                 [ -9.4658 -67.4711 745.7615]                   [-24.0665  25.7758 435.866 ]
7                      1                      2                 [-10.5050725 -42.478     780.6435   ]          [-20.6322 -32.3971 413.043 ]
7                      2                      9                 [ 11.8973 -83.9432 723.436 ]                   [ 35.8652 -38.1596 438.415 ]
7                      3                      2                 [ -1.77671 -37.10185 721.863  ]                [ 25.14755  27.14895 428.8885 ]
7                      4                      1645              [-22.8269 -38.5736 745.517 ]                   [-42.3689 -26.9363 737.301 ]
7                      5                      1270              [ -6.14509 -29.3201  758.502  ]                [-5.43055e-01  2.86618e+01  7.38734e+02]
7                      6                      1523              [ 25.7355 -39.3036 745.569 ]                   [ 40.1126 -26.7005 741.413 ]
7                      7                      0                 No events                                      No events
---------------------  ---------------------  ----------------  ---------------------------------------------  -----------------------------------------